High Temperatures in September for College Station (C)36.111111111111114
36.666666666666664
36.666666666666664
37.77777777777778
37.22222222222222
37.22222222222222
37.77777777777778
37.77777777777778
34.44444444444444
34.44444444444444
34.44444444444444
34.44444444444444
35.0
36.666666666666664
35.0
35.55555555555556
31.11111111111111
30.0
30.555555555555557
32.22222222222222
33.333333333333336
33.888888888888886
34.44444444444444
33.888888888888886
34.44444444444444
33.888888888888886
32.77777777777778
33.888888888888886
34.44444444444444
35.0
